# E (eV) pdos(E) 
 -3.634  0.624E-06
 -3.624  0.996E-06
 -3.614  0.157E-05
 -3.604  0.246E-05
 -3.594  0.382E-05
 -3.584  0.584E-05
 -3.574  0.888E-05
 -3.564  0.134E-04
 -3.554  0.199E-04
 -3.544  0.293E-04
 -3.534  0.428E-04
 -3.524  0.616E-04
 -3.514  0.884E-04
 -3.504  0.125E-03
 -3.494  0.175E-03
 -3.484  0.244E-03
 -3.474  0.335E-03
 -3.464  0.456E-03
 -3.454  0.616E-03
 -3.444  0.824E-03
 -3.434  0.109E-02
 -3.424  0.143E-02
 -3.414  0.186E-02
 -3.404  0.240E-02
 -3.394  0.306E-02
 -3.384  0.386E-02
 -3.374  0.484E-02
 -3.364  0.600E-02
 -3.354  0.740E-02
 -3.344  0.904E-02
 -3.334  0.110E-01
 -3.324  0.132E-01
 -3.314  0.156E-01
 -3.304  0.185E-01
 -3.294  0.216E-01
 -3.284  0.252E-01
 -3.274  0.290E-01
 -3.264  0.332E-01
 -3.254  0.377E-01
 -3.244  0.424E-01
 -3.234  0.476E-01
 -3.224  0.528E-01
 -3.214  0.584E-01
 -3.204  0.644E-01
 -3.194  0.700E-01
 -3.184  0.760E-01
 -3.174  0.820E-01
 -3.164  0.880E-01
 -3.154  0.940E-01
 -3.144  0.100E+00
 -3.134  0.106E+00
 -3.124  0.111E+00
 -3.114  0.117E+00
 -3.104  0.122E+00
 -3.094  0.127E+00
 -3.084  0.132E+00
 -3.074  0.136E+00
 -3.064  0.140E+00
 -3.054  0.144E+00
 -3.044  0.148E+00
 -3.034  0.152E+00
 -3.024  0.155E+00
 -3.014  0.158E+00
 -3.004  0.161E+00
 -2.994  0.164E+00
 -2.984  0.167E+00
 -2.974  0.169E+00
 -2.964  0.171E+00
 -2.954  0.174E+00
 -2.944  0.176E+00
 -2.934  0.178E+00
 -2.924  0.179E+00
 -2.914  0.181E+00
 -2.904  0.183E+00
 -2.894  0.184E+00
 -2.884  0.186E+00
 -2.874  0.188E+00
 -2.864  0.189E+00
 -2.854  0.190E+00
 -2.844  0.192E+00
 -2.834  0.193E+00
 -2.824  0.194E+00
 -2.814  0.195E+00
 -2.804  0.196E+00
 -2.794  0.197E+00
 -2.784  0.197E+00
 -2.774  0.198E+00
 -2.764  0.199E+00
 -2.754  0.200E+00
 -2.744  0.200E+00
 -2.734  0.201E+00
 -2.724  0.202E+00
 -2.714  0.202E+00
 -2.704  0.204E+00
 -2.694  0.204E+00
 -2.684  0.205E+00
 -2.674  0.206E+00
 -2.664  0.207E+00
 -2.654  0.208E+00
 -2.644  0.209E+00
 -2.634  0.210E+00
 -2.624  0.211E+00
 -2.614  0.211E+00
 -2.604  0.212E+00
 -2.594  0.212E+00
 -2.584  0.212E+00
 -2.574  0.213E+00
 -2.564  0.213E+00
 -2.554  0.213E+00
 -2.544  0.213E+00
 -2.534  0.213E+00
 -2.524  0.213E+00
 -2.514  0.213E+00
 -2.504  0.213E+00
 -2.494  0.213E+00
 -2.484  0.214E+00
 -2.474  0.214E+00
 -2.464  0.215E+00
 -2.454  0.215E+00
 -2.444  0.216E+00
 -2.434  0.217E+00
 -2.424  0.218E+00
 -2.414  0.218E+00
 -2.404  0.219E+00
 -2.394  0.220E+00
 -2.384  0.221E+00
 -2.374  0.222E+00
 -2.364  0.223E+00
 -2.354  0.223E+00
 -2.344  0.224E+00
 -2.334  0.224E+00
 -2.324  0.224E+00
 -2.314  0.225E+00
 -2.304  0.225E+00
 -2.294  0.224E+00
 -2.284  0.224E+00
 -2.274  0.224E+00
 -2.264  0.223E+00
 -2.254  0.222E+00
 -2.244  0.222E+00
 -2.234  0.221E+00
 -2.224  0.221E+00
 -2.214  0.220E+00
 -2.204  0.220E+00
 -2.194  0.220E+00
 -2.184  0.220E+00
 -2.174  0.220E+00
 -2.164  0.221E+00
 -2.154  0.222E+00
 -2.144  0.223E+00
 -2.134  0.224E+00
 -2.124  0.226E+00
 -2.114  0.227E+00
 -2.104  0.229E+00
 -2.094  0.230E+00
 -2.084  0.232E+00
 -2.074  0.233E+00
 -2.064  0.234E+00
 -2.054  0.235E+00
 -2.044  0.235E+00
 -2.034  0.236E+00
 -2.024  0.236E+00
 -2.014  0.235E+00
 -2.004  0.234E+00
 -1.994  0.234E+00
 -1.984  0.233E+00
 -1.974  0.232E+00
 -1.964  0.230E+00
 -1.954  0.230E+00
 -1.944  0.228E+00
 -1.934  0.228E+00
 -1.924  0.227E+00
 -1.914  0.226E+00
 -1.904  0.226E+00
 -1.894  0.226E+00
 -1.884  0.226E+00
 -1.874  0.226E+00
 -1.864  0.227E+00
 -1.854  0.228E+00
 -1.844  0.228E+00
 -1.834  0.230E+00
 -1.824  0.231E+00
 -1.814  0.232E+00
 -1.804  0.234E+00
 -1.794  0.235E+00
 -1.784  0.236E+00
 -1.774  0.237E+00
 -1.764  0.238E+00
 -1.754  0.239E+00
 -1.744  0.240E+00
 -1.734  0.241E+00
 -1.724  0.241E+00
 -1.714  0.242E+00
 -1.704  0.242E+00
 -1.694  0.242E+00
 -1.684  0.241E+00
 -1.674  0.241E+00
 -1.664  0.241E+00
 -1.654  0.240E+00
 -1.644  0.240E+00
 -1.634  0.240E+00
 -1.624  0.240E+00
 -1.614  0.240E+00
 -1.604  0.239E+00
 -1.594  0.239E+00
 -1.584  0.239E+00
 -1.574  0.238E+00
 -1.564  0.238E+00
 -1.554  0.238E+00
 -1.544  0.238E+00
 -1.534  0.238E+00
 -1.524  0.237E+00
 -1.514  0.237E+00
 -1.504  0.236E+00
 -1.494  0.236E+00
 -1.484  0.236E+00
 -1.474  0.235E+00
 -1.464  0.235E+00
 -1.454  0.235E+00
 -1.444  0.235E+00
 -1.434  0.236E+00
 -1.424  0.236E+00
 -1.414  0.237E+00
 -1.404  0.238E+00
 -1.394  0.240E+00
 -1.384  0.241E+00
 -1.374  0.243E+00
 -1.364  0.244E+00
 -1.354  0.246E+00
 -1.344  0.248E+00
 -1.334  0.250E+00
 -1.324  0.252E+00
 -1.314  0.254E+00
 -1.304  0.255E+00
 -1.294  0.256E+00
 -1.284  0.257E+00
 -1.274  0.258E+00
 -1.264  0.258E+00
 -1.254  0.258E+00
 -1.244  0.258E+00
 -1.234  0.257E+00
 -1.224  0.256E+00
 -1.214  0.255E+00
 -1.204  0.253E+00
 -1.194  0.251E+00
 -1.184  0.249E+00
 -1.174  0.246E+00
 -1.164  0.244E+00
 -1.154  0.242E+00
 -1.144  0.240E+00
 -1.134  0.238E+00
 -1.124  0.237E+00
 -1.114  0.236E+00
 -1.104  0.236E+00
 -1.094  0.236E+00
 -1.084  0.236E+00
 -1.074  0.237E+00
 -1.064  0.238E+00
 -1.054  0.240E+00
 -1.044  0.242E+00
 -1.034  0.244E+00
 -1.024  0.247E+00
 -1.014  0.250E+00
 -1.004  0.252E+00
 -0.994  0.254E+00
 -0.984  0.257E+00
 -0.974  0.259E+00
 -0.964  0.261E+00
 -0.954  0.262E+00
 -0.944  0.264E+00
 -0.934  0.265E+00
 -0.924  0.266E+00
 -0.914  0.266E+00
 -0.904  0.266E+00
 -0.894  0.266E+00
 -0.884  0.266E+00
 -0.874  0.265E+00
 -0.864  0.265E+00
 -0.854  0.264E+00
 -0.844  0.263E+00
 -0.834  0.262E+00
 -0.824  0.261E+00
 -0.814  0.260E+00
 -0.804  0.260E+00
 -0.794  0.259E+00
 -0.784  0.258E+00
 -0.774  0.257E+00
 -0.764  0.257E+00
 -0.754  0.256E+00
 -0.744  0.256E+00
 -0.734  0.256E+00
 -0.724  0.256E+00
 -0.714  0.256E+00
 -0.704  0.256E+00
 -0.694  0.256E+00
 -0.684  0.256E+00
 -0.674  0.257E+00
 -0.664  0.257E+00
 -0.654  0.258E+00
 -0.644  0.258E+00
 -0.634  0.258E+00
 -0.624  0.259E+00
 -0.614  0.259E+00
 -0.604  0.259E+00
 -0.594  0.260E+00
 -0.584  0.260E+00
 -0.574  0.260E+00
 -0.564  0.260E+00
 -0.554  0.261E+00
 -0.544  0.261E+00
 -0.534  0.262E+00
 -0.524  0.262E+00
 -0.514  0.263E+00
 -0.504  0.264E+00
 -0.494  0.265E+00
 -0.484  0.266E+00
 -0.474  0.267E+00
 -0.464  0.268E+00
 -0.454  0.269E+00
 -0.444  0.270E+00
 -0.434  0.272E+00
 -0.424  0.273E+00
 -0.414  0.274E+00
 -0.404  0.275E+00
 -0.394  0.276E+00
 -0.384  0.277E+00
 -0.374  0.278E+00
 -0.364  0.278E+00
 -0.354  0.279E+00
 -0.344  0.280E+00
 -0.334  0.280E+00
 -0.324  0.280E+00
 -0.314  0.281E+00
 -0.304  0.281E+00
 -0.294  0.281E+00
 -0.284  0.281E+00
 -0.274  0.281E+00
 -0.264  0.280E+00
 -0.254  0.280E+00
 -0.244  0.279E+00
 -0.234  0.278E+00
 -0.224  0.278E+00
 -0.214  0.276E+00
 -0.204  0.276E+00
 -0.194  0.274E+00
 -0.184  0.273E+00
 -0.174  0.271E+00
 -0.164  0.270E+00
 -0.154  0.268E+00
 -0.144  0.267E+00
 -0.134  0.265E+00
 -0.124  0.264E+00
 -0.114  0.263E+00
 -0.104  0.262E+00
 -0.094  0.261E+00
 -0.084  0.261E+00
 -0.074  0.261E+00
 -0.064  0.261E+00
 -0.054  0.262E+00
 -0.044  0.264E+00
 -0.034  0.266E+00
 -0.024  0.268E+00
 -0.014  0.270E+00
 -0.004  0.274E+00
  0.006  0.277E+00
  0.016  0.280E+00
  0.026  0.284E+00
  0.036  0.288E+00
  0.046  0.292E+00
  0.056  0.295E+00
  0.066  0.298E+00
  0.076  0.301E+00
  0.086  0.304E+00
  0.096  0.306E+00
  0.106  0.308E+00
  0.116  0.309E+00
  0.126  0.309E+00
  0.136  0.309E+00
  0.146  0.309E+00
  0.156  0.308E+00
  0.166  0.306E+00
  0.176  0.304E+00
  0.186  0.302E+00
  0.196  0.300E+00
  0.206  0.297E+00
  0.216  0.294E+00
  0.226  0.291E+00
  0.236  0.288E+00
  0.246  0.285E+00
  0.256  0.283E+00
  0.266  0.280E+00
  0.276  0.278E+00
  0.286  0.277E+00
  0.296  0.276E+00
  0.306  0.275E+00
  0.316  0.275E+00
  0.326  0.275E+00
  0.336  0.276E+00
  0.346  0.277E+00
  0.356  0.278E+00
  0.366  0.280E+00
  0.376  0.281E+00
  0.386  0.283E+00
  0.396  0.285E+00
  0.406  0.287E+00
  0.416  0.288E+00
  0.426  0.290E+00
  0.436  0.292E+00
  0.446  0.293E+00
  0.456  0.294E+00
  0.466  0.296E+00
  0.476  0.297E+00
  0.486  0.298E+00
  0.496  0.300E+00
  0.506  0.301E+00
  0.516  0.302E+00
  0.526  0.303E+00
  0.536  0.304E+00
  0.546  0.305E+00
  0.556  0.306E+00
  0.566  0.307E+00
  0.576  0.308E+00
  0.586  0.308E+00
  0.596  0.309E+00
  0.606  0.309E+00
  0.616  0.309E+00
  0.626  0.308E+00
  0.636  0.308E+00
  0.646  0.307E+00
  0.656  0.306E+00
  0.666  0.306E+00
  0.676  0.305E+00
  0.686  0.304E+00
  0.696  0.304E+00
  0.706  0.304E+00
  0.716  0.304E+00
  0.726  0.304E+00
  0.736  0.304E+00
  0.746  0.306E+00
  0.756  0.307E+00
  0.766  0.308E+00
  0.776  0.310E+00
  0.786  0.312E+00
  0.796  0.314E+00
  0.806  0.316E+00
  0.816  0.318E+00
  0.826  0.319E+00
  0.836  0.320E+00
  0.846  0.322E+00
  0.856  0.322E+00
  0.866  0.322E+00
  0.876  0.322E+00
  0.886  0.322E+00
  0.896  0.320E+00
  0.906  0.319E+00
  0.916  0.317E+00
  0.926  0.315E+00
  0.936  0.313E+00
  0.946  0.310E+00
  0.956  0.308E+00
  0.966  0.305E+00
  0.976  0.303E+00
  0.986  0.300E+00
  0.996  0.299E+00
  1.006  0.297E+00
  1.016  0.296E+00
  1.026  0.296E+00
  1.036  0.296E+00
  1.046  0.297E+00
  1.056  0.298E+00
  1.066  0.299E+00
  1.076  0.301E+00
  1.086  0.304E+00
  1.096  0.306E+00
  1.106  0.308E+00
  1.116  0.311E+00
  1.126  0.314E+00
  1.136  0.316E+00
  1.146  0.318E+00
  1.156  0.320E+00
  1.166  0.322E+00
  1.176  0.324E+00
  1.186  0.325E+00
  1.196  0.326E+00
  1.206  0.327E+00
  1.216  0.328E+00
  1.226  0.329E+00
  1.236  0.330E+00
  1.246  0.331E+00
  1.256  0.332E+00
  1.266  0.333E+00
  1.276  0.335E+00
  1.286  0.336E+00
  1.296  0.338E+00
  1.306  0.339E+00
  1.316  0.341E+00
  1.326  0.342E+00
  1.336  0.344E+00
  1.346  0.345E+00
  1.356  0.346E+00
  1.366  0.348E+00
  1.376  0.348E+00
  1.386  0.348E+00
  1.396  0.348E+00
  1.406  0.348E+00
  1.416  0.347E+00
  1.426  0.345E+00
  1.436  0.344E+00
  1.446  0.341E+00
  1.456  0.339E+00
  1.466  0.336E+00
  1.476  0.333E+00
  1.486  0.330E+00
  1.496  0.327E+00
  1.506  0.324E+00
  1.516  0.321E+00
  1.526  0.318E+00
  1.536  0.316E+00
  1.546  0.314E+00
  1.556  0.312E+00
  1.566  0.311E+00
  1.576  0.310E+00
  1.586  0.310E+00
  1.596  0.310E+00
  1.606  0.311E+00
  1.616  0.312E+00
  1.626  0.313E+00
  1.636  0.315E+00
  1.646  0.317E+00
  1.656  0.318E+00
  1.666  0.321E+00
  1.676  0.323E+00
  1.686  0.325E+00
  1.696  0.327E+00
  1.706  0.330E+00
  1.716  0.332E+00
  1.726  0.334E+00
  1.736  0.336E+00
  1.746  0.339E+00
  1.756  0.342E+00
  1.766  0.344E+00
  1.776  0.346E+00
  1.786  0.349E+00
  1.796  0.352E+00
  1.806  0.354E+00
  1.816  0.356E+00
  1.826  0.359E+00
  1.836  0.361E+00
  1.846  0.363E+00
  1.856  0.365E+00
  1.866  0.366E+00
  1.876  0.368E+00
  1.886  0.368E+00
  1.896  0.369E+00
  1.906  0.369E+00
  1.916  0.368E+00
  1.926  0.368E+00
  1.936  0.366E+00
  1.946  0.365E+00
  1.956  0.363E+00
  1.966  0.361E+00
  1.976  0.358E+00
  1.986  0.355E+00
  1.996  0.352E+00
  2.006  0.349E+00
  2.016  0.346E+00
  2.026  0.343E+00
  2.036  0.340E+00
  2.046  0.338E+00
  2.056  0.336E+00
  2.066  0.334E+00
  2.076  0.332E+00
  2.086  0.332E+00
  2.096  0.331E+00
  2.106  0.332E+00
  2.116  0.332E+00
  2.126  0.334E+00
  2.136  0.336E+00
  2.146  0.338E+00
  2.156  0.341E+00
  2.166  0.344E+00
  2.176  0.347E+00
  2.186  0.350E+00
  2.196  0.353E+00
  2.206  0.356E+00
  2.216  0.359E+00
  2.226  0.361E+00
  2.236  0.363E+00
  2.246  0.364E+00
  2.256  0.366E+00
  2.266  0.366E+00
  2.276  0.366E+00
  2.286  0.366E+00
  2.296  0.365E+00
  2.306  0.364E+00
  2.316  0.362E+00
  2.326  0.360E+00
  2.336  0.358E+00
  2.346  0.356E+00
  2.356  0.354E+00
  2.366  0.351E+00
  2.376  0.349E+00
  2.386  0.347E+00
  2.396  0.345E+00
  2.406  0.344E+00
  2.416  0.343E+00
  2.426  0.342E+00
  2.436  0.342E+00
  2.446  0.342E+00
  2.456  0.343E+00
  2.466  0.344E+00
  2.476  0.346E+00
  2.486  0.347E+00
  2.496  0.349E+00
  2.506  0.351E+00
  2.516  0.353E+00
  2.526  0.356E+00
  2.536  0.358E+00
  2.546  0.360E+00
  2.556  0.362E+00
  2.566  0.364E+00
  2.576  0.366E+00
  2.586  0.368E+00
  2.596  0.370E+00
  2.606  0.372E+00
  2.616  0.374E+00
  2.626  0.376E+00
  2.636  0.377E+00
  2.646  0.379E+00
  2.656  0.381E+00
  2.666  0.382E+00
  2.676  0.384E+00
  2.686  0.385E+00
  2.696  0.386E+00
  2.706  0.387E+00
  2.716  0.387E+00
  2.726  0.387E+00
  2.736  0.387E+00
  2.746  0.386E+00
  2.756  0.385E+00
  2.766  0.383E+00
  2.776  0.381E+00
  2.786  0.379E+00
  2.796  0.377E+00
  2.806  0.374E+00
  2.816  0.371E+00
  2.826  0.368E+00
  2.836  0.366E+00
  2.846  0.363E+00
  2.856  0.360E+00
  2.866  0.358E+00
  2.876  0.356E+00
  2.886  0.354E+00
  2.896  0.352E+00
  2.906  0.350E+00
  2.916  0.348E+00
  2.926  0.347E+00
  2.936  0.346E+00
  2.946  0.345E+00
  2.956  0.344E+00
  2.966  0.344E+00
  2.976  0.343E+00
  2.986  0.343E+00
  2.996  0.342E+00
  3.006  0.342E+00
  3.016  0.342E+00
  3.026  0.342E+00
  3.036  0.342E+00
  3.046  0.342E+00
  3.056  0.342E+00
  3.066  0.342E+00
  3.076  0.343E+00
  3.086  0.344E+00
  3.096  0.346E+00
  3.106  0.347E+00
  3.116  0.349E+00
  3.126  0.351E+00
  3.136  0.354E+00
  3.146  0.356E+00
  3.156  0.359E+00
  3.166  0.362E+00
  3.176  0.366E+00
  3.186  0.368E+00
  3.196  0.372E+00
  3.206  0.374E+00
  3.216  0.377E+00
  3.226  0.380E+00
  3.236  0.381E+00
  3.246  0.383E+00
  3.256  0.384E+00
  3.266  0.384E+00
  3.276  0.384E+00
  3.286  0.384E+00
  3.296  0.382E+00
  3.306  0.381E+00
  3.316  0.378E+00
  3.326  0.376E+00
  3.336  0.372E+00
  3.346  0.369E+00
  3.356  0.365E+00
  3.366  0.362E+00
  3.376  0.358E+00
  3.386  0.354E+00
  3.396  0.350E+00
  3.406  0.346E+00
  3.416  0.343E+00
  3.426  0.340E+00
  3.436  0.337E+00
  3.446  0.335E+00
  3.456  0.334E+00
  3.466  0.333E+00
  3.476  0.332E+00
  3.486  0.332E+00
  3.496  0.333E+00
  3.506  0.334E+00
  3.516  0.335E+00
  3.526  0.336E+00
  3.536  0.338E+00
  3.546  0.340E+00
  3.556  0.341E+00
  3.566  0.343E+00
  3.576  0.344E+00
  3.586  0.346E+00
  3.596  0.347E+00
  3.606  0.348E+00
  3.616  0.350E+00
  3.626  0.350E+00
  3.636  0.351E+00
  3.646  0.352E+00
  3.656  0.352E+00
  3.666  0.353E+00
  3.676  0.353E+00
  3.686  0.354E+00
  3.696  0.354E+00
  3.706  0.354E+00
  3.716  0.354E+00
  3.726  0.355E+00
  3.736  0.356E+00
  3.746  0.356E+00
  3.756  0.357E+00
  3.766  0.359E+00
  3.776  0.360E+00
  3.786  0.362E+00
  3.796  0.365E+00
  3.806  0.368E+00
  3.816  0.371E+00
  3.826  0.375E+00
  3.836  0.379E+00
  3.846  0.383E+00
  3.856  0.387E+00
  3.866  0.391E+00
  3.876  0.395E+00
  3.886  0.400E+00
  3.896  0.404E+00
  3.906  0.408E+00
  3.916  0.412E+00
  3.926  0.412E+00
  3.936  0.416E+00
  3.946  0.416E+00
  3.956  0.420E+00
  3.966  0.420E+00
  3.976  0.420E+00
  3.986  0.420E+00
  3.996  0.420E+00
  4.006  0.420E+00
  4.016  0.416E+00
  4.026  0.416E+00
  4.036  0.416E+00
  4.046  0.412E+00
  4.056  0.408E+00
  4.066  0.408E+00
  4.076  0.404E+00
  4.086  0.400E+00
  4.096  0.398E+00
  4.106  0.395E+00
  4.116  0.392E+00
  4.126  0.389E+00
  4.136  0.387E+00
  4.146  0.385E+00
  4.156  0.383E+00
  4.166  0.382E+00
  4.176  0.382E+00
  4.186  0.382E+00
  4.196  0.383E+00
  4.206  0.384E+00
  4.216  0.386E+00
  4.226  0.388E+00
  4.236  0.391E+00
  4.246  0.394E+00
  4.256  0.398E+00
  4.266  0.400E+00
  4.276  0.404E+00
  4.286  0.408E+00
  4.296  0.412E+00
  4.306  0.416E+00
  4.316  0.420E+00
  4.326  0.424E+00
  4.336  0.424E+00
  4.346  0.428E+00
  4.356  0.428E+00
  4.366  0.432E+00
  4.376  0.432E+00
  4.386  0.432E+00
  4.396  0.432E+00
  4.406  0.432E+00
  4.416  0.428E+00
  4.426  0.428E+00
  4.436  0.428E+00
  4.446  0.424E+00
  4.456  0.424E+00
  4.466  0.420E+00
  4.476  0.416E+00
  4.486  0.416E+00
  4.496  0.412E+00
  4.506  0.408E+00
  4.516  0.408E+00
  4.526  0.404E+00
  4.536  0.400E+00
  4.546  0.400E+00
  4.556  0.398E+00
  4.566  0.396E+00
  4.576  0.394E+00
  4.586  0.393E+00
  4.596  0.392E+00
  4.606  0.391E+00
  4.616  0.390E+00
  4.626  0.390E+00
  4.636  0.390E+00
  4.646  0.390E+00
  4.656  0.391E+00
  4.666  0.392E+00
  4.676  0.392E+00
  4.686  0.394E+00
  4.696  0.396E+00
  4.706  0.398E+00
  4.716  0.400E+00
  4.726  0.404E+00
  4.736  0.404E+00
  4.746  0.408E+00
  4.756  0.412E+00
  4.766  0.416E+00
  4.776  0.416E+00
  4.786  0.420E+00
  4.796  0.424E+00
  4.806  0.428E+00
  4.816  0.432E+00
  4.826  0.432E+00
  4.836  0.436E+00
  4.846  0.440E+00
  4.856  0.440E+00
  4.866  0.444E+00
  4.876  0.444E+00
  4.886  0.444E+00
  4.896  0.444E+00
  4.906  0.444E+00
  4.916  0.444E+00
  4.926  0.440E+00
  4.936  0.440E+00
  4.946  0.436E+00
  4.956  0.432E+00
  4.966  0.428E+00
  4.976  0.424E+00
  4.986  0.420E+00
  4.996  0.416E+00
  5.006  0.412E+00
  5.016  0.408E+00
  5.026  0.404E+00
  5.036  0.400E+00
  5.046  0.396E+00
  5.056  0.392E+00
  5.066  0.389E+00
  5.076  0.386E+00
  5.086  0.384E+00
  5.096  0.382E+00
  5.106  0.380E+00
  5.116  0.379E+00
  5.126  0.378E+00
  5.136  0.378E+00
  5.146  0.378E+00
  5.156  0.378E+00
  5.166  0.379E+00
  5.176  0.380E+00
  5.186  0.382E+00
  5.196  0.384E+00
  5.206  0.386E+00
  5.216  0.388E+00
  5.226  0.391E+00
  5.236  0.394E+00
  5.246  0.398E+00
  5.256  0.400E+00
  5.266  0.404E+00
  5.276  0.408E+00
  5.286  0.412E+00
  5.296  0.412E+00
  5.306  0.416E+00
  5.316  0.420E+00
  5.326  0.420E+00
  5.336  0.420E+00
  5.346  0.420E+00
  5.356  0.420E+00
  5.366  0.420E+00
  5.376  0.416E+00
  5.386  0.412E+00
  5.396  0.408E+00
  5.406  0.404E+00
  5.416  0.399E+00
  5.426  0.393E+00
  5.436  0.387E+00
  5.446  0.381E+00
  5.456  0.376E+00
  5.466  0.370E+00
  5.476  0.366E+00
  5.486  0.362E+00
  5.496  0.358E+00
  5.506  0.356E+00
  5.516  0.355E+00
  5.526  0.355E+00
  5.536  0.356E+00
  5.546  0.358E+00
  5.556  0.361E+00
  5.566  0.365E+00
  5.576  0.369E+00
  5.586  0.374E+00
  5.596  0.379E+00
  5.606  0.384E+00
  5.616  0.389E+00
  5.626  0.394E+00
  5.636  0.398E+00
  5.646  0.400E+00
  5.656  0.404E+00
  5.666  0.404E+00
  5.676  0.404E+00
  5.686  0.404E+00
  5.696  0.404E+00
  5.706  0.400E+00
  5.716  0.398E+00
  5.726  0.394E+00
  5.736  0.390E+00
  5.746  0.386E+00
  5.756  0.381E+00
  5.766  0.376E+00
  5.776  0.372E+00
  5.786  0.368E+00
  5.796  0.364E+00
  5.806  0.361E+00
  5.816  0.358E+00
  5.826  0.356E+00
  5.836  0.355E+00
  5.846  0.355E+00
  5.856  0.355E+00
  5.866  0.356E+00
  5.876  0.357E+00
  5.886  0.359E+00
  5.896  0.361E+00
  5.906  0.363E+00
  5.916  0.365E+00
  5.926  0.368E+00
  5.936  0.369E+00
  5.946  0.371E+00
  5.956  0.372E+00
  5.966  0.373E+00
  5.976  0.373E+00
  5.986  0.373E+00
  5.996  0.372E+00
  6.006  0.370E+00
  6.016  0.368E+00
  6.026  0.366E+00
  6.036  0.364E+00
  6.046  0.361E+00
  6.056  0.358E+00
  6.066  0.355E+00
  6.076  0.353E+00
  6.086  0.350E+00
  6.096  0.348E+00
  6.106  0.347E+00
  6.116  0.346E+00
  6.126  0.345E+00
  6.136  0.345E+00
  6.146  0.345E+00
  6.156  0.346E+00
  6.166  0.347E+00
  6.176  0.349E+00
  6.186  0.352E+00
  6.196  0.354E+00
  6.206  0.358E+00
  6.216  0.362E+00
  6.226  0.366E+00
  6.236  0.370E+00
  6.246  0.375E+00
  6.256  0.380E+00
  6.266  0.385E+00
  6.276  0.390E+00
  6.286  0.395E+00
  6.296  0.400E+00
  6.306  0.404E+00
  6.316  0.408E+00
  6.326  0.412E+00
  6.336  0.416E+00
  6.346  0.416E+00
  6.356  0.420E+00
  6.366  0.420E+00
  6.376  0.420E+00
  6.386  0.420E+00
  6.396  0.420E+00
  6.406  0.420E+00
  6.416  0.416E+00
  6.426  0.416E+00
  6.436  0.412E+00
  6.446  0.412E+00
  6.456  0.408E+00
  6.466  0.404E+00
  6.476  0.404E+00
  6.486  0.400E+00
  6.496  0.398E+00
  6.506  0.397E+00
  6.516  0.395E+00
  6.526  0.394E+00
  6.536  0.392E+00
  6.546  0.392E+00
  6.556  0.391E+00
  6.566  0.390E+00
  6.576  0.389E+00
  6.586  0.389E+00
  6.596  0.389E+00
  6.606  0.388E+00
  6.616  0.389E+00
  6.626  0.389E+00
  6.636  0.390E+00
  6.646  0.391E+00
  6.656  0.393E+00
  6.666  0.395E+00
  6.676  0.398E+00
  6.686  0.400E+00
  6.696  0.408E+00
  6.706  0.412E+00
  6.716  0.416E+00
  6.726  0.424E+00
  6.736  0.432E+00
  6.746  0.436E+00
  6.756  0.444E+00
  6.766  0.452E+00
  6.776  0.460E+00
  6.786  0.468E+00
  6.796  0.476E+00
  6.806  0.484E+00
  6.816  0.488E+00
  6.826  0.492E+00
  6.836  0.500E+00
  6.846  0.500E+00
  6.856  0.504E+00
  6.866  0.508E+00
  6.876  0.508E+00
  6.886  0.508E+00
  6.896  0.508E+00
  6.906  0.508E+00
  6.916  0.504E+00
  6.926  0.504E+00
  6.936  0.504E+00
  6.946  0.500E+00
  6.956  0.500E+00
  6.966  0.496E+00
  6.976  0.496E+00
  6.986  0.492E+00
  6.996  0.492E+00
  7.006  0.488E+00
  7.016  0.484E+00
  7.026  0.484E+00
  7.036  0.480E+00
  7.046  0.476E+00
  7.056  0.472E+00
  7.066  0.468E+00
  7.076  0.464E+00
  7.086  0.460E+00
  7.096  0.452E+00
  7.106  0.448E+00
  7.116  0.444E+00
  7.126  0.436E+00
  7.136  0.428E+00
  7.146  0.424E+00
  7.156  0.416E+00
  7.166  0.412E+00
  7.176  0.404E+00
  7.186  0.400E+00
  7.196  0.396E+00
  7.206  0.391E+00
  7.216  0.387E+00
  7.226  0.384E+00
  7.236  0.382E+00
  7.246  0.380E+00
  7.256  0.379E+00
  7.266  0.378E+00
  7.276  0.378E+00
  7.286  0.379E+00
  7.296  0.381E+00
  7.306  0.382E+00
  7.316  0.384E+00
  7.326  0.386E+00
  7.336  0.389E+00
  7.346  0.391E+00
  7.356  0.393E+00
  7.366  0.395E+00
  7.376  0.398E+00
  7.386  0.399E+00
  7.396  0.400E+00
  7.406  0.404E+00
  7.416  0.404E+00
  7.426  0.408E+00
  7.436  0.408E+00
  7.446  0.408E+00
  7.456  0.412E+00
  7.466  0.412E+00
  7.476  0.416E+00
  7.486  0.416E+00
  7.496  0.420E+00
  7.506  0.420E+00
  7.516  0.420E+00
  7.526  0.424E+00
  7.536  0.424E+00
  7.546  0.428E+00
  7.556  0.428E+00
  7.566  0.432E+00
  7.576  0.432E+00
  7.586  0.436E+00
  7.596  0.436E+00
  7.606  0.440E+00
  7.616  0.444E+00
  7.626  0.444E+00
  7.636  0.448E+00
  7.646  0.452E+00
  7.656  0.456E+00
  7.666  0.460E+00
  7.676  0.464E+00
  7.686  0.468E+00
  7.696  0.476E+00
  7.706  0.480E+00
  7.716  0.484E+00
  7.726  0.488E+00
  7.736  0.496E+00
  7.746  0.500E+00
  7.756  0.504E+00
  7.766  0.508E+00
  7.776  0.512E+00
  7.786  0.516E+00
  7.796  0.520E+00
  7.806  0.520E+00
  7.816  0.524E+00
  7.826  0.528E+00
  7.836  0.528E+00
  7.846  0.532E+00
  7.856  0.536E+00
  7.866  0.536E+00
  7.876  0.540E+00
  7.886  0.544E+00
  7.896  0.544E+00
  7.906  0.548E+00
  7.916  0.552E+00
  7.926  0.552E+00
  7.936  0.556E+00
  7.946  0.560E+00
  7.956  0.560E+00
  7.966  0.564E+00
  7.976  0.564E+00
  7.986  0.568E+00
  7.996  0.568E+00
  8.006  0.572E+00
  8.016  0.572E+00
  8.026  0.572E+00
  8.036  0.572E+00
  8.046  0.572E+00
  8.056  0.568E+00
  8.066  0.568E+00
  8.076  0.564E+00
  8.086  0.560E+00
  8.096  0.556E+00
  8.106  0.552E+00
  8.116  0.548E+00
  8.126  0.540E+00
  8.136  0.536E+00
  8.146  0.528E+00
  8.156  0.520E+00
  8.166  0.512E+00
  8.176  0.504E+00
  8.186  0.496E+00
  8.196  0.484E+00
  8.206  0.476E+00
  8.216  0.468E+00
  8.226  0.460E+00
  8.236  0.452E+00
  8.246  0.444E+00
  8.256  0.436E+00
  8.266  0.432E+00
  8.276  0.428E+00
  8.286  0.424E+00
  8.296  0.420E+00
  8.306  0.416E+00
  8.316  0.416E+00
  8.326  0.416E+00
  8.336  0.416E+00
  8.346  0.420E+00
  8.356  0.424E+00
  8.366  0.424E+00
  8.376  0.428E+00
  8.386  0.436E+00
  8.396  0.440E+00
  8.406  0.444E+00
  8.416  0.452E+00
  8.426  0.460E+00
  8.436  0.464E+00
  8.446  0.472E+00
  8.456  0.480E+00
  8.466  0.484E+00
  8.476  0.492E+00
  8.486  0.500E+00
  8.496  0.508E+00
  8.506  0.516E+00
  8.516  0.520E+00
  8.526  0.528E+00
  8.536  0.536E+00
  8.546  0.540E+00
  8.556  0.548E+00
  8.566  0.552E+00
  8.576  0.560E+00
  8.586  0.564E+00
  8.596  0.568E+00
  8.606  0.572E+00
  8.616  0.576E+00
  8.626  0.580E+00
  8.636  0.584E+00
  8.646  0.584E+00
  8.656  0.588E+00
  8.666  0.588E+00
  8.676  0.588E+00
  8.686  0.588E+00
  8.696  0.584E+00
  8.706  0.584E+00
  8.716  0.580E+00
  8.726  0.576E+00
  8.736  0.572E+00
  8.746  0.568E+00
  8.756  0.560E+00
  8.766  0.556E+00
  8.776  0.548E+00
  8.786  0.540E+00
  8.796  0.532E+00
  8.806  0.524E+00
  8.816  0.520E+00
  8.826  0.512E+00
  8.836  0.504E+00
  8.846  0.496E+00
  8.856  0.488E+00
  8.866  0.480E+00
  8.876  0.476E+00
  8.886  0.468E+00
  8.896  0.464E+00
  8.906  0.456E+00
  8.916  0.452E+00
  8.926  0.444E+00
  8.936  0.440E+00
  8.946  0.436E+00
  8.956  0.432E+00
  8.966  0.428E+00
  8.976  0.428E+00
  8.986  0.424E+00
  8.996  0.420E+00
  9.006  0.420E+00
  9.016  0.420E+00
  9.026  0.416E+00
  9.036  0.416E+00
  9.046  0.416E+00
  9.056  0.420E+00
  9.066  0.420E+00
  9.076  0.420E+00
  9.086  0.424E+00
  9.096  0.428E+00
  9.106  0.432E+00
  9.116  0.436E+00
  9.126  0.440E+00
  9.136  0.444E+00
  9.146  0.452E+00
  9.156  0.456E+00
  9.166  0.464E+00
  9.176  0.472E+00
  9.186  0.480E+00
  9.196  0.484E+00
  9.206  0.492E+00
  9.216  0.500E+00
  9.226  0.504E+00
  9.236  0.512E+00
  9.246  0.516E+00
  9.256  0.520E+00
  9.266  0.520E+00
  9.276  0.524E+00
  9.286  0.524E+00
  9.296  0.524E+00
  9.306  0.524E+00
  9.316  0.524E+00
  9.326  0.520E+00
  9.336  0.516E+00
  9.346  0.516E+00
  9.356  0.512E+00
  9.366  0.508E+00
  9.376  0.504E+00
  9.386  0.500E+00
  9.396  0.500E+00
  9.406  0.496E+00
  9.416  0.496E+00
  9.426  0.496E+00
  9.436  0.496E+00
  9.446  0.496E+00
  9.456  0.500E+00
  9.466  0.504E+00
  9.476  0.508E+00
  9.486  0.512E+00
  9.496  0.516E+00
  9.506  0.524E+00
  9.516  0.532E+00
  9.526  0.536E+00
  9.536  0.544E+00
  9.546  0.552E+00
  9.556  0.560E+00
  9.566  0.564E+00
  9.576  0.572E+00
  9.586  0.576E+00
  9.596  0.580E+00
  9.606  0.584E+00
  9.616  0.584E+00
  9.626  0.584E+00
  9.636  0.584E+00
  9.646  0.584E+00
  9.656  0.580E+00
  9.666  0.576E+00
  9.676  0.572E+00
  9.686  0.564E+00
  9.696  0.556E+00
  9.706  0.548E+00
  9.716  0.540E+00
  9.726  0.532E+00
  9.736  0.524E+00
  9.746  0.516E+00
  9.756  0.508E+00
  9.766  0.500E+00
  9.776  0.492E+00
  9.786  0.488E+00
  9.796  0.480E+00
  9.806  0.476E+00
  9.816  0.472E+00
  9.826  0.468E+00
  9.836  0.464E+00
  9.846  0.464E+00
  9.856  0.464E+00
  9.866  0.464E+00
  9.876  0.464E+00
  9.886  0.468E+00
  9.896  0.472E+00
  9.906  0.472E+00
  9.916  0.476E+00
  9.926  0.484E+00
  9.936  0.488E+00
  9.946  0.492E+00
  9.956  0.496E+00
  9.966  0.504E+00
  9.976  0.508E+00
  9.986  0.512E+00
  9.996  0.516E+00
 10.006  0.520E+00
 10.016  0.524E+00
 10.026  0.528E+00
 10.036  0.528E+00
 10.046  0.532E+00
 10.056  0.532E+00
 10.066  0.532E+00
 10.076  0.528E+00
 10.086  0.528E+00
 10.096  0.524E+00
 10.106  0.524E+00
 10.116  0.520E+00
 10.126  0.516E+00
 10.136  0.512E+00
 10.146  0.512E+00
 10.156  0.508E+00
 10.166  0.504E+00
 10.176  0.504E+00
 10.186  0.504E+00
 10.196  0.504E+00
 10.206  0.504E+00
 10.216  0.504E+00
 10.226  0.508E+00
 10.236  0.508E+00
 10.246  0.512E+00
 10.256  0.516E+00
 10.266  0.520E+00
 10.276  0.524E+00
 10.286  0.532E+00
 10.296  0.536E+00
 10.306  0.540E+00
 10.316  0.544E+00
 10.326  0.548E+00
 10.336  0.548E+00
 10.346  0.552E+00
 10.356  0.552E+00
 10.366  0.552E+00
 10.376  0.552E+00
 10.386  0.548E+00
 10.396  0.544E+00
 10.406  0.540E+00
 10.416  0.532E+00
 10.426  0.524E+00
 10.436  0.516E+00
 10.446  0.508E+00
 10.456  0.500E+00
 10.466  0.492E+00
 10.476  0.484E+00
 10.486  0.476E+00
 10.496  0.468E+00
 10.506  0.460E+00
 10.516  0.456E+00
 10.526  0.452E+00
 10.536  0.448E+00
 10.546  0.448E+00
 10.556  0.448E+00
 10.566  0.448E+00
 10.576  0.452E+00
 10.586  0.456E+00
 10.596  0.460E+00
 10.606  0.464E+00
 10.616  0.472E+00
 10.626  0.477E+00
 10.636  0.485E+00
 10.646  0.492E+00
 10.656  0.500E+00
 10.666  0.508E+00
 10.676  0.516E+00
 10.686  0.521E+00
 10.696  0.528E+00
 10.706  0.532E+00
 10.716  0.537E+00
 10.726  0.540E+00
 10.736  0.541E+00
 10.746  0.541E+00
 10.756  0.541E+00
 10.766  0.541E+00
 10.776  0.541E+00
 10.786  0.537E+00
 10.796  0.536E+00
 10.806  0.533E+00
 10.816  0.529E+00
 10.826  0.525E+00
 10.836  0.524E+00
 10.846  0.520E+00
 10.856  0.516E+00
 10.866  0.513E+00
 10.876  0.512E+00
 10.886  0.508E+00
 10.896  0.508E+00
 10.906  0.508E+00
 10.916  0.505E+00
 10.926  0.504E+00
 10.936  0.504E+00
 10.946  0.504E+00
 10.956  0.508E+00
 10.966  0.508E+00
 10.976  0.508E+00
 10.986  0.508E+00
 10.996  0.508E+00
 11.006  0.507E+00
 11.016  0.507E+00
 11.026  0.504E+00
 11.036  0.503E+00
 11.046  0.499E+00
 11.056  0.495E+00
 11.066  0.494E+00
 11.076  0.490E+00
 11.086  0.483E+00
 11.096  0.479E+00
 11.106  0.474E+00
 11.116  0.470E+00
 11.126  0.462E+00
 11.136  0.458E+00
 11.146  0.454E+00
 11.156  0.449E+00
 11.166  0.445E+00
 11.176  0.441E+00
 11.186  0.437E+00
 11.196  0.437E+00
 11.206  0.433E+00
 11.216  0.432E+00
 11.226  0.429E+00
 11.236  0.429E+00
 11.246  0.428E+00
 11.256  0.425E+00
 11.266  0.425E+00
 11.276  0.425E+00
 11.286  0.425E+00
 11.296  0.425E+00
 11.306  0.425E+00
 11.316  0.424E+00
 11.326  0.421E+00
 11.336  0.421E+00
 11.346  0.420E+00
 11.356  0.417E+00
 11.366  0.416E+00
 11.376  0.413E+00
 11.386  0.409E+00
 11.396  0.405E+00
 11.406  0.401E+00
 11.416  0.396E+00
 11.426  0.391E+00
 11.436  0.386E+00
 11.446  0.380E+00
 11.456  0.375E+00
 11.466  0.370E+00
 11.476  0.365E+00
 11.486  0.360E+00
 11.496  0.356E+00
 11.506  0.353E+00
 11.516  0.351E+00
 11.526  0.349E+00
 11.536  0.348E+00
 11.546  0.348E+00
 11.556  0.349E+00
 11.566  0.350E+00
 11.576  0.352E+00
 11.586  0.354E+00
 11.596  0.356E+00
 11.606  0.358E+00
 11.616  0.360E+00
 11.626  0.361E+00
 11.636  0.362E+00
 11.646  0.363E+00
 11.656  0.362E+00
 11.666  0.360E+00
 11.676  0.358E+00
 11.686  0.354E+00
 11.696  0.349E+00
 11.706  0.344E+00
 11.716  0.338E+00
 11.726  0.331E+00
 11.736  0.324E+00
 11.746  0.316E+00
 11.756  0.308E+00
 11.766  0.301E+00
 11.776  0.294E+00
 11.786  0.287E+00
 11.796  0.280E+00
 11.806  0.275E+00
 11.816  0.269E+00
 11.826  0.265E+00
 11.836  0.261E+00
 11.846  0.258E+00
 11.856  0.255E+00
 11.866  0.254E+00
 11.876  0.252E+00
 11.886  0.251E+00
 11.896  0.251E+00
 11.906  0.251E+00
 11.916  0.251E+00
 11.926  0.251E+00
 11.936  0.251E+00
 11.946  0.251E+00
 11.956  0.250E+00
 11.966  0.250E+00
 11.976  0.249E+00
 11.986  0.248E+00
 11.996  0.246E+00
 12.006  0.244E+00
 12.016  0.241E+00
 12.026  0.238E+00
 12.036  0.235E+00
 12.046  0.230E+00
 12.056  0.226E+00
 12.066  0.221E+00
 12.076  0.216E+00
 12.086  0.210E+00
 12.096  0.204E+00
 12.106  0.198E+00
 12.116  0.192E+00
 12.126  0.186E+00
 12.136  0.179E+00
 12.146  0.173E+00
 12.156  0.166E+00
 12.166  0.160E+00
 12.176  0.153E+00
 12.186  0.147E+00
 12.196  0.141E+00
 12.206  0.135E+00
 12.216  0.130E+00
 12.226  0.125E+00
 12.236  0.120E+00
 12.246  0.116E+00
 12.256  0.111E+00
 12.266  0.107E+00
 12.276  0.104E+00
 12.286  0.101E+00
 12.296  0.979E-01
 12.306  0.954E-01
 12.316  0.929E-01
 12.326  0.905E-01
 12.336  0.884E-01
 12.346  0.860E-01
 12.356  0.839E-01
 12.366  0.816E-01
 12.376  0.795E-01
 12.386  0.774E-01
 12.396  0.754E-01
 12.406  0.731E-01
 12.416  0.711E-01
 12.426  0.694E-01
 12.436  0.674E-01
 12.446  0.659E-01
 12.456  0.646E-01
 12.466  0.635E-01
 12.476  0.623E-01
 12.486  0.616E-01
 12.496  0.612E-01
 12.506  0.609E-01
 12.516  0.609E-01
 12.526  0.607E-01
 12.536  0.609E-01
 12.546  0.613E-01
 12.556  0.615E-01
 12.566  0.616E-01
 12.576  0.618E-01
 12.586  0.620E-01
 12.596  0.618E-01
 12.606  0.615E-01
 12.616  0.613E-01
 12.626  0.607E-01
 12.636  0.597E-01
 12.646  0.590E-01
 12.656  0.580E-01
 12.666  0.570E-01
 12.676  0.559E-01
 12.686  0.545E-01
 12.696  0.534E-01
 12.706  0.523E-01
 12.716  0.515E-01
 12.726  0.504E-01
 12.736  0.497E-01
 12.746  0.493E-01
 12.756  0.492E-01
 12.766  0.492E-01
 12.776  0.492E-01
 12.786  0.498E-01
 12.796  0.505E-01
 12.806  0.513E-01
 12.816  0.523E-01
 12.826  0.534E-01
 12.836  0.545E-01
 12.846  0.559E-01
 12.856  0.570E-01
 12.866  0.580E-01
 12.876  0.591E-01
 12.886  0.597E-01
 12.896  0.601E-01
 12.906  0.604E-01
 12.916  0.603E-01
 12.926  0.602E-01
 12.936  0.594E-01
 12.946  0.585E-01
 12.956  0.576E-01
 12.966  0.561E-01
 12.976  0.548E-01
 12.986  0.532E-01
 12.996  0.516E-01
 13.006  0.497E-01
 13.016  0.481E-01
 13.026  0.465E-01
 13.036  0.449E-01
 13.046  0.433E-01
 13.056  0.421E-01
 13.066  0.409E-01
 13.076  0.397E-01
 13.086  0.389E-01
 13.096  0.382E-01
 13.106  0.376E-01
 13.116  0.373E-01
 13.126  0.371E-01
 13.136  0.370E-01
 13.146  0.371E-01
 13.156  0.373E-01
 13.166  0.377E-01
 13.176  0.382E-01
 13.186  0.388E-01
 13.196  0.395E-01
 13.206  0.403E-01
 13.216  0.411E-01
 13.226  0.419E-01
 13.236  0.427E-01
 13.246  0.435E-01
 13.256  0.443E-01
 13.266  0.451E-01
 13.276  0.456E-01
 13.286  0.463E-01
 13.296  0.467E-01
 13.306  0.468E-01
 13.316  0.468E-01
 13.326  0.468E-01
 13.336  0.464E-01
 13.346  0.460E-01
 13.356  0.452E-01
 13.366  0.444E-01
 13.376  0.435E-01
 13.386  0.424E-01
 13.396  0.412E-01
 13.406  0.399E-01
 13.416  0.387E-01
 13.426  0.374E-01
 13.436  0.363E-01
 13.446  0.352E-01
 13.456  0.342E-01
 13.466  0.334E-01
 13.476  0.327E-01
 13.486  0.322E-01
 13.496  0.318E-01
 13.506  0.316E-01
 13.516  0.315E-01
 13.526  0.315E-01
 13.536  0.317E-01
 13.546  0.319E-01
 13.556  0.321E-01
 13.566  0.324E-01
 13.576  0.326E-01
 13.586  0.329E-01
 13.596  0.330E-01
 13.606  0.331E-01
 13.616  0.330E-01
 13.626  0.328E-01
 13.636  0.325E-01
 13.646  0.320E-01
 13.656  0.314E-01
 13.666  0.307E-01
 13.676  0.299E-01
 13.686  0.290E-01
 13.696  0.280E-01
 13.706  0.271E-01
 13.716  0.261E-01
 13.726  0.252E-01
 13.736  0.243E-01
 13.746  0.236E-01
 13.756  0.230E-01
 13.766  0.225E-01
 13.776  0.222E-01
 13.786  0.220E-01
 13.796  0.221E-01
 13.806  0.223E-01
 13.816  0.226E-01
 13.826  0.231E-01
 13.836  0.237E-01
 13.846  0.244E-01
 13.856  0.251E-01
 13.866  0.259E-01
 13.876  0.266E-01
 13.886  0.273E-01
 13.896  0.278E-01
 13.906  0.282E-01
 13.916  0.285E-01
 13.926  0.286E-01
 13.936  0.285E-01
 13.946  0.282E-01
 13.956  0.277E-01
 13.966  0.270E-01
 13.976  0.262E-01
 13.986  0.252E-01
 13.996  0.241E-01
 14.006  0.229E-01
 14.016  0.217E-01
 14.026  0.205E-01
 14.036  0.193E-01
 14.046  0.182E-01
 14.056  0.172E-01
 14.066  0.164E-01
 14.076  0.156E-01
 14.086  0.151E-01
 14.096  0.148E-01
 14.106  0.146E-01
 14.116  0.147E-01
 14.126  0.150E-01
 14.136  0.154E-01
 14.146  0.160E-01
 14.156  0.167E-01
 14.166  0.176E-01
 14.176  0.185E-01
 14.186  0.195E-01
 14.196  0.205E-01
 14.206  0.214E-01
 14.216  0.223E-01
 14.226  0.231E-01
 14.236  0.238E-01
 14.246  0.243E-01
 14.256  0.247E-01
 14.266  0.249E-01
 14.276  0.249E-01
 14.286  0.248E-01
 14.296  0.245E-01
 14.306  0.240E-01
 14.316  0.234E-01
 14.326  0.227E-01
 14.336  0.218E-01
 14.346  0.210E-01
 14.356  0.200E-01
 14.366  0.191E-01
 14.376  0.181E-01
 14.386  0.172E-01
 14.396  0.164E-01
 14.406  0.156E-01
 14.416  0.149E-01
 14.426  0.143E-01
 14.436  0.138E-01
 14.446  0.135E-01
 14.456  0.132E-01
 14.466  0.131E-01
 14.476  0.131E-01
 14.486  0.132E-01
 14.496  0.134E-01
 14.506  0.137E-01
 14.516  0.141E-01
 14.526  0.146E-01
 14.536  0.152E-01
 14.546  0.158E-01
 14.556  0.164E-01
 14.566  0.170E-01
 14.576  0.175E-01
 14.586  0.181E-01
 14.596  0.186E-01
 14.606  0.191E-01
 14.616  0.195E-01
 14.626  0.198E-01
 14.636  0.200E-01
 14.646  0.202E-01
 14.656  0.202E-01
 14.666  0.201E-01
 14.676  0.199E-01
 14.686  0.196E-01
 14.696  0.192E-01
 14.706  0.187E-01
 14.716  0.181E-01
 14.726  0.175E-01
 14.736  0.169E-01
 14.746  0.162E-01
 14.756  0.155E-01
 14.766  0.149E-01
 14.776  0.143E-01
 14.786  0.137E-01
 14.796  0.132E-01
 14.806  0.128E-01
 14.816  0.125E-01
 14.826  0.123E-01
 14.836  0.122E-01
 14.846  0.122E-01
 14.856  0.122E-01
 14.866  0.123E-01
 14.876  0.125E-01
 14.886  0.127E-01
 14.896  0.130E-01
 14.906  0.131E-01
 14.916  0.133E-01
 14.926  0.135E-01
 14.936  0.136E-01
 14.946  0.136E-01
 14.956  0.135E-01
 14.966  0.134E-01
 14.976  0.131E-01
 14.986  0.128E-01
 14.996  0.123E-01
 15.006  0.118E-01
 15.016  0.113E-01
 15.026  0.107E-01
 15.036  0.101E-01
 15.046  0.941E-02
 15.056  0.880E-02
 15.066  0.820E-02
 15.076  0.764E-02
 15.086  0.716E-02
 15.096  0.676E-02
 15.106  0.648E-02
 15.116  0.628E-02
 15.126  0.620E-02
 15.136  0.624E-02
 15.146  0.640E-02
 15.156  0.672E-02
 15.166  0.712E-02
 15.176  0.760E-02
 15.186  0.820E-02
 15.196  0.884E-02
 15.206  0.952E-02
 15.216  0.103E-01
 15.226  0.110E-01
 15.236  0.117E-01
 15.246  0.124E-01
 15.256  0.129E-01
 15.266  0.134E-01
 15.276  0.138E-01
 15.286  0.141E-01
 15.296  0.142E-01
 15.306  0.142E-01
 15.316  0.140E-01
 15.326  0.137E-01
 15.336  0.133E-01
 15.346  0.128E-01
 15.356  0.121E-01
 15.366  0.114E-01
 15.376  0.106E-01
 15.386  0.984E-02
 15.396  0.907E-02
 15.406  0.827E-02
 15.416  0.751E-02
 15.426  0.682E-02
 15.436  0.618E-02
 15.446  0.565E-02
 15.456  0.520E-02
 15.466  0.484E-02
 15.476  0.455E-02
 15.486  0.441E-02
 15.496  0.432E-02
 15.506  0.435E-02
 15.516  0.445E-02
 15.526  0.459E-02
 15.536  0.481E-02
 15.546  0.510E-02
 15.556  0.539E-02
 15.566  0.569E-02
 15.576  0.599E-02
 15.586  0.628E-02
 15.596  0.657E-02
 15.606  0.678E-02
 15.616  0.696E-02
 15.626  0.706E-02
 15.636  0.712E-02
 15.646  0.710E-02
 15.656  0.702E-02
 15.666  0.689E-02
 15.676  0.668E-02
 15.686  0.641E-02
 15.696  0.613E-02
 15.706  0.579E-02
 15.716  0.544E-02
 15.726  0.507E-02
 15.736  0.472E-02
 15.746  0.435E-02
 15.756  0.402E-02
 15.766  0.373E-02
 15.776  0.348E-02
 15.786  0.328E-02
 15.796  0.312E-02
 15.806  0.302E-02
 15.816  0.297E-02
 15.826  0.298E-02
 15.836  0.305E-02
 15.846  0.316E-02
 15.856  0.331E-02
 15.866  0.351E-02
 15.876  0.373E-02
 15.886  0.397E-02
 15.896  0.422E-02
 15.906  0.449E-02
 15.916  0.472E-02
 15.926  0.495E-02
 15.936  0.518E-02
 15.946  0.534E-02
 15.956  0.549E-02
 15.966  0.561E-02
 15.976  0.568E-02
 15.986  0.568E-02
 15.996  0.567E-02
 16.006  0.560E-02
 16.016  0.551E-02
 16.026  0.537E-02
 16.036  0.520E-02
 16.046  0.502E-02
 16.056  0.480E-02
 16.066  0.457E-02
 16.076  0.434E-02
 16.086  0.410E-02
 16.096  0.388E-02
 16.106  0.366E-02
 16.116  0.346E-02
 16.126  0.327E-02
 16.136  0.312E-02
 16.146  0.300E-02
 16.156  0.290E-02
 16.166  0.283E-02
 16.176  0.281E-02
 16.186  0.281E-02
 16.196  0.285E-02
 16.206  0.291E-02
 16.216  0.300E-02
 16.226  0.311E-02
 16.236  0.323E-02
 16.246  0.337E-02
 16.256  0.350E-02
 16.266  0.364E-02
 16.276  0.376E-02
 16.286  0.386E-02
 16.296  0.396E-02
 16.306  0.402E-02
 16.316  0.405E-02
 16.326  0.405E-02
 16.336  0.402E-02
 16.346  0.395E-02
 16.356  0.385E-02
 16.366  0.372E-02
 16.376  0.357E-02
 16.386  0.339E-02
 16.396  0.320E-02
 16.406  0.300E-02
 16.416  0.280E-02
 16.426  0.259E-02
 16.436  0.240E-02
 16.446  0.222E-02
 16.456  0.205E-02
 16.466  0.191E-02
 16.476  0.180E-02
 16.486  0.172E-02
 16.496  0.167E-02
 16.506  0.166E-02
 16.516  0.168E-02
 16.526  0.174E-02
 16.536  0.183E-02
 16.546  0.196E-02
 16.556  0.211E-02
 16.566  0.228E-02
 16.576  0.247E-02
 16.586  0.268E-02
 16.596  0.289E-02
 16.606  0.309E-02
 16.616  0.329E-02
 16.626  0.348E-02
 16.636  0.364E-02
 16.646  0.377E-02
 16.656  0.387E-02
 16.666  0.394E-02
 16.676  0.395E-02
 16.686  0.395E-02
 16.696  0.389E-02
 16.706  0.379E-02
 16.716  0.366E-02
 16.726  0.350E-02
 16.736  0.331E-02
 16.746  0.310E-02
 16.756  0.288E-02
 16.766  0.265E-02
 16.776  0.242E-02
 16.786  0.219E-02
 16.796  0.197E-02
 16.806  0.176E-02
 16.816  0.158E-02
 16.826  0.141E-02
 16.836  0.127E-02
 16.846  0.115E-02
 16.856  0.105E-02
 16.866  0.978E-03
 16.876  0.930E-03
 16.886  0.900E-03
 16.896  0.889E-03
 16.906  0.894E-03
 16.916  0.910E-03
 16.926  0.938E-03
 16.936  0.971E-03
 16.946  0.101E-02
 16.956  0.104E-02
 16.966  0.108E-02
 16.976  0.110E-02
 16.986  0.112E-02
 16.996  0.114E-02
 17.006  0.114E-02
 17.016  0.113E-02
 17.026  0.111E-02
 17.036  0.109E-02
 17.046  0.105E-02
 17.056  0.101E-02
 17.066  0.960E-03
 17.076  0.908E-03
 17.086  0.856E-03
 17.096  0.804E-03
 17.106  0.752E-03
 17.116  0.708E-03
 17.126  0.672E-03
 17.136  0.644E-03
 17.146  0.624E-03
 17.156  0.620E-03
 17.166  0.624E-03
 17.176  0.644E-03
 17.186  0.672E-03
 17.196  0.712E-03
 17.206  0.764E-03
 17.216  0.824E-03
 17.226  0.892E-03
 17.236  0.964E-03
 17.246  0.104E-02
 17.256  0.111E-02
 17.266  0.118E-02
 17.276  0.125E-02
 17.286  0.131E-02
 17.296  0.136E-02
 17.306  0.140E-02
 17.316  0.142E-02
 17.326  0.143E-02
 17.336  0.143E-02
 17.346  0.141E-02
 17.356  0.137E-02
 17.366  0.133E-02
 17.376  0.127E-02
 17.386  0.120E-02
 17.396  0.113E-02
 17.406  0.105E-02
 17.416  0.968E-03
 17.426  0.883E-03
 17.436  0.802E-03
 17.446  0.721E-03
 17.456  0.648E-03
 17.466  0.582E-03
 17.476  0.521E-03
 17.486  0.470E-03
 17.496  0.424E-03
 17.506  0.390E-03
 17.516  0.362E-03
 17.526  0.341E-03
 17.536  0.327E-03
 17.546  0.320E-03
 17.556  0.317E-03
 17.566  0.319E-03
 17.576  0.323E-03
 17.586  0.329E-03
 17.596  0.336E-03
 17.606  0.344E-03
 17.616  0.350E-03
 17.626  0.354E-03
 17.636  0.358E-03
 17.646  0.361E-03
 17.656  0.357E-03
 17.666  0.352E-03
 17.676  0.345E-03
 17.686  0.334E-03
 17.696  0.320E-03
 17.706  0.304E-03
 17.716  0.287E-03
 17.726  0.268E-03
 17.736  0.247E-03
 17.746  0.227E-03
 17.756  0.206E-03
 17.766  0.187E-03
 17.776  0.168E-03
 17.786  0.150E-03
 17.796  0.135E-03
 17.806  0.122E-03
 17.816  0.111E-03
 17.826  0.103E-03
 17.836  0.969E-04
 17.846  0.943E-04
 17.856  0.947E-04
 17.866  0.983E-04
 17.876  0.104E-03
 17.886  0.113E-03
 17.896  0.125E-03
 17.906  0.139E-03
 17.916  0.156E-03
 17.926  0.173E-03
 17.936  0.192E-03
 17.946  0.212E-03
 17.956  0.233E-03
 17.966  0.253E-03
 17.976  0.272E-03
 17.986  0.290E-03
 17.996  0.306E-03
 18.006  0.319E-03
 18.016  0.330E-03
 18.026  0.337E-03
 18.036  0.341E-03
 18.046  0.341E-03
 18.056  0.338E-03
 18.066  0.330E-03
 18.076  0.320E-03
 18.086  0.306E-03
 18.096  0.291E-03
 18.106  0.273E-03
 18.116  0.253E-03
 18.126  0.232E-03
 18.136  0.211E-03
 18.146  0.189E-03
 18.156  0.168E-03
 18.166  0.148E-03
 18.176  0.128E-03
 18.186  0.110E-03
 18.196  0.939E-04
 18.206  0.792E-04
 18.216  0.659E-04
 18.226  0.542E-04
 18.236  0.444E-04
 18.246  0.358E-04
 18.256  0.286E-04
 18.266  0.226E-04
 18.276  0.178E-04
 18.286  0.139E-04
 18.296  0.108E-04
 18.306  0.849E-05
 18.316  0.678E-05
 18.326  0.559E-05
 18.336  0.487E-05
 18.346  0.457E-05
 18.356  0.463E-05
 18.366  0.503E-05
 18.376  0.578E-05
 18.386  0.685E-05
 18.396  0.827E-05
 18.406  0.100E-04
 18.416  0.122E-04
 18.426  0.146E-04
 18.436  0.175E-04
 18.446  0.208E-04
 18.456  0.244E-04
 18.466  0.283E-04
 18.476  0.325E-04
 18.486  0.370E-04
 18.496  0.416E-04
 18.506  0.463E-04
 18.516  0.508E-04
 18.526  0.554E-04
 18.536  0.598E-04
 18.546  0.636E-04
 18.556  0.671E-04
 18.566  0.699E-04
 18.576  0.722E-04
 18.586  0.739E-04
 18.596  0.744E-04
 18.606  0.744E-04
 18.616  0.735E-04
 18.626  0.717E-04
 18.636  0.694E-04
 18.646  0.666E-04
 18.656  0.630E-04
 18.666  0.589E-04
 18.676  0.545E-04
 18.686  0.499E-04
 18.696  0.453E-04
 18.706  0.405E-04
 18.716  0.360E-04
 18.726  0.316E-04
 18.736  0.274E-04
 18.746  0.235E-04
 18.756  0.200E-04
 18.766  0.168E-04
 18.776  0.140E-04
 18.786  0.115E-04
 18.796  0.934E-05
 18.806  0.753E-05
 18.816  0.599E-05
 18.826  0.472E-05
 18.836  0.367E-05
 18.846  0.283E-05
 18.856  0.216E-05
 18.866  0.163E-05
 18.876  0.121E-05
 18.886  0.898E-06
 18.896  0.654E-06
 18.906  0.472E-06
 18.916  0.338E-06
 18.926  0.239E-06
 18.936  0.167E-06
 18.946  0.116E-06
 18.956  0.790E-07
 18.966  0.535E-07
 18.976  0.358E-07
 18.986  0.238E-07
 18.996  0.156E-07
 19.006  0.101E-07
 19.016  0.648E-08
 19.026  0.411E-08
 19.036  0.258E-08
 19.046  0.160E-08
 19.056  0.984E-09
 19.066  0.598E-09
 19.076  0.360E-09
 19.086  0.214E-09
 19.096  0.126E-09
 19.106  0.731E-10
 19.116  0.422E-10
 19.126  0.240E-10
 19.136  0.135E-10
 19.146  0.753E-11
 19.156  0.416E-11
 19.166  0.227E-11
 19.176  0.122E-11
 19.186  0.653E-12
 19.196  0.345E-12
 19.206  0.180E-12
 19.216  0.933E-13
 19.226  0.476E-13
 19.236  0.243E-13
 19.246  0.123E-13
 19.256  0.622E-14
 19.266  0.321E-14
 19.276  0.174E-14
 19.286  0.103E-14
 19.296  0.380E-15
 19.306  0.408E-15
 19.316  0.431E-15
 19.326  0.449E-15
 19.336  0.466E-15
 19.346  0.476E-15
 19.356  0.480E-15
 19.366  0.480E-15
 19.376  0.476E-15
 19.386  0.466E-15
 19.396  0.452E-15
 19.406  0.432E-15
 19.416  0.408E-15
 19.426  0.384E-15
 19.436  0.356E-15
 19.446  0.326E-15
 19.456  0.296E-15
 19.466  0.266E-15
 19.476  0.236E-15
 19.486  0.208E-15
 19.496  0.180E-15
 19.506  0.155E-15
 19.516  0.132E-15
 19.526  0.111E-15
 19.536  0.925E-16
 19.546  0.764E-16
 19.556  0.620E-16
 19.566  0.500E-16
 19.576  0.398E-16
 19.586  0.315E-16
 19.596  0.246E-16
 19.606  0.189E-16
 19.616  0.145E-16
 19.626  0.109E-16
 19.636  0.818E-17
 19.646  0.603E-17
 19.656  0.442E-17
 19.666  0.320E-17
 19.676  0.229E-17
 19.686  0.162E-17
 19.696  0.113E-17
 19.706  0.784E-18
 19.716  0.538E-18
 19.726  0.366E-18
 19.736  0.245E-18
 19.746  0.162E-18
 19.756  0.107E-18
 19.766  0.692E-19
 19.776  0.445E-19
